1.000000000000000000e+00 0.000000000000000000e+00
9.996145181203615060e-01 8.039978408321945408e-05
9.984586668665640374e-01 3.210248479505913564e-04
9.965342284774632020e-01 7.201700864185702280e-04
9.938441702975688852e-01 1.275051690916945753e-03
9.903926402016152153e-01 1.981890195125083232e-03
9.861849601988382785e-01 2.836019006335962090e-03
9.812276182268235836e-01 3.832011316592019712e-03
9.755282581475768211e-01 4.963817106400481884e-03
9.690956679612421354e-01 6.224901331987911686e-03
9.619397662556433692e-01 7.608374369139168231e-03
9.540715869125406812e-01 9.107106377623842147e-03
9.455032620941838939e-01 1.071381841493186139e-02
9.362480035363985875e-01 1.242114479351429102e-02
9.263200821770460891e-01 1.422166323565696687e-02
9.157348061512726733e-01 1.610789170166334466e-02
9.045084971874737256e-01 1.807225319930876387e-02
8.926584654403724173e-01 2.010701226627956834e-02
8.802029828000155209e-01 2.220418899512078409e-02
8.671612547178427777e-01 2.435545829666573014e-02
8.535533905932737309e-01 2.655204344899931429e-02
8.394003727664709480e-01 2.878461376015960596e-02
8.247240241650919401e-01 3.104319632511657809e-02
8.095469746549170953e-01 3.331711136179402177e-02
7.938926261462366796e-01 3.559493948876600589e-02
7.777851165098010888e-01 3.786452762036070230e-02
7.612492823579743995e-01 4.011303800099438877e-02
7.443106207484775361e-01 4.232704240752615393e-02
7.269952498697733745e-01 4.449266086637202605e-02
7.093298687687140669e-01 4.659574152402670005e-02
6.913417161825449186e-01 4.862207574119337128e-02
6.730585285387464811e-01 5.055764020996626057e-02
6.545084971874737256e-01 5.238885606098783038e-02
6.357202249325371035e-01 5.410285364747812603e-02
6.167226819279527650e-01 5.568773104637655957e-02
5.975451610080642073e-01 5.713279434600374712e-02
5.782172325201154761e-01 5.842876849607540196e-02
5.587686987289188778e-01 5.956796883995447989e-02
5.392295478639225204e-01 6.054442535254986324e-02
5.196299078795343362e-01 6.135395395849050498e-02
5.000000000000000000e-01 6.199417196574787819e-02
4.803700921204657193e-01 6.246445746339870930e-02
4.607704521360775352e-01 6.276585533410856954e-02
4.412313012710812332e-01 6.290093515947349501e-02
4.217827674798845794e-01 6.287360859878086961e-02
4.024548389919359037e-01 6.268891566931894532e-02
3.832773180720473460e-01 6.235279064820372502e-02
3.642797750674628965e-01 6.187181898573251848e-02
3.454915028125263299e-01 6.125299664090400054e-02
3.269414714612535189e-01 6.050350263309048349e-02
3.086582838174551369e-01 5.963049440049306149e-02
2.906701312312860996e-01 5.864093385134069164e-02
2.730047501302266255e-01 5.754144990219151046e-02
2.556893792515224639e-01 5.633824095495319761e-02
2.387507176420256005e-01 5.503701831873407391e-02
2.222148834901990222e-01 5.364298918581844600e-02
2.061073738537634870e-01 5.216087556783550322e-02
1.904530253450829602e-01 5.059496371791499109e-02
1.752759758349082264e-01 4.894917711314258901e-02
1.605996272335292741e-01 4.722716512500407110e-02
1.464466094067262691e-01 4.543239910568570850e-02
1.328387452821572223e-01 4.356826777090717917e-02
1.197970171999845346e-01 4.163816443540302448e-02
1.073415345596276382e-01 3.964555979210532960e-02
9.549150281252632988e-02 3.759405542898074798e-02
8.426519384872732665e-02 3.548741503498860361e-02
7.367991782295391090e-02 3.332957213147039188e-02
6.375199646360152350e-02 3.112461504493676742e-02
5.449673790581610611e-02 2.887675158285199148e-02
4.592841308745931883e-02 2.659025736902842496e-02
3.806023374435663076e-02 2.426941294288889259e-02
3.090433203875797563e-02 2.191843545642599769e-02
2.447174185242323441e-02 1.954141107388744289e-02
1.877238177317636092e-02 1.714223398441565641e-02
1.381503980116172148e-02 1.472455730214646333e-02
9.607359798384784710e-03 1.229176010721736746e-02
6.155829702431170336e-03 9.846933556629517206e-03
3.465771522536853499e-03 7.392887468117139566e-03
1.541333133436018077e-03 4.932177168249114556e-03
3.854818796385495183e-04 2.467148817867673063e-03
0.000000000000000000e+00 0.000000000000000000e+00
3.854818796385495183e-04 -2.613413741095714504e-03
1.541333133436018077e-03 -5.216645989420073438e-03
3.465771522536853499e-03 -7.799971970953795825e-03
6.155829702431114825e-03 -1.035455101935892248e-02
9.607359798384784710e-03 -1.287279701770945896e-02
1.381503980116166597e-02 -1.534866760220129391e-02
1.877238177317630541e-02 -1.777785258675877722e-02
2.447174185242317890e-02 -2.015784796796949579e-02
3.090433203875797563e-02 -2.248790858306482301e-02
3.806023374435663076e-02 -2.476887963573535731e-02
4.592841308745926332e-02 -2.700291446774763168e-02
5.449673790581605060e-02 -2.919309273077861158e-02
6.375199646360146799e-02 -3.134295911809826390e-02
7.367991782295385539e-02 -3.345600771050247224e-02
8.426519384872727114e-02 -3.553514050055325835e-02
9.549150281252627437e-02 -3.758213058892726638e-02
1.073415345596275827e-01 -3.959712079218011965e-02
1.197970171999844791e-01 -4.157818695389543795e-02
1.328387452821571113e-01 -4.352099219776540268e-02
1.464466094067261581e-01 -4.541855387787860354e-02
1.605996272335291630e-01 -4.726113932306617166e-02
1.752759758349079489e-01 -4.903629995628158711e-02
1.904530253450828492e-01 -5.072904635847559629e-02
2.061073738537633759e-01 -5.232215972396597053e-02
2.222148834901989112e-01 -5.379662830624313413e-02
2.387507176420256561e-01 -5.513219124355536738e-02
2.556893792515223529e-01 -5.630796690492577417e-02
2.730047501302265145e-01 -5.730313887274261775e-02
2.906701312312859886e-01 -5.809767006803304157e-02
3.086582838174548593e-01 -5.867301443706481046e-02
3.269414714612532968e-01 -5.901279607459358062e-02
3.454915028125262189e-01 -5.910342759583913502e-02
3.642797750674628965e-01 -5.893464284232240169e-02
3.832773180720474016e-01 -5.849992340285958131e-02
4.024548389919356817e-01 -5.779680368198899382e-02
4.217827674798844684e-01 -5.682704504753855607e-02
4.412313012710811777e-01 -5.559667561139338549e-02
4.607704521360772021e-01 -5.411589811751710277e-02
4.803700921204654972e-01 -5.239887392277344652e-02
4.999999999999998890e-01 -5.046339588918704461e-02
5.196299078795343362e-01 -4.833046694170323176e-02
5.392295478639226314e-01 -4.602380392548081206e-02
5.587686987289186558e-01 -4.356928813173572418e-02
5.782172325201153651e-01 -4.099438443218336031e-02
5.975451610080640963e-01 -3.832755041877070057e-02
6.167226819279524319e-01 -3.559765539949116125e-02
6.357202249325368815e-01 -3.283342671695520243e-02
6.545084971874736146e-01 -3.006293783805220887e-02
6.730585285387464811e-01 -2.731314923946313866e-02
6.913417161825450297e-01 -2.460950952318534043e-02
7.093298687687138449e-01 -2.197562067038117198e-02
7.269952498697733745e-01 -1.943296809148393339e-02
7.443106207484775361e-01 -1.700071333262719378e-02
7.612492823579741774e-01 -1.469554508656140991e-02
7.777851165098008668e-01 -1.253158261358763674e-02
7.938926261462364575e-01 -1.052032483483648223e-02
8.095469746549169843e-01 -8.670638194263157253e-03
8.247240241650919401e-01 -6.988776826767924451e-03
8.394003727664707259e-01 -5.478429507021201871e-03
8.535533905932737309e-01 -4.140789145399766634e-03
8.671612547178427777e-01 -2.974642083611836636e-03
8.802029828000152989e-01 -1.976475956650976858e-03
8.926584654403723063e-01 -1.140606269810632125e-03
9.045084971874737256e-01 -4.593229481784932042e-04
9.157348061512726733e-01 7.694116150114159631e-05
9.263200821770462001e-01 4.794175968352221346e-04
9.362480035363984765e-01 7.607833915822898247e-04
9.455032620941838939e-01 9.349147181241274519e-04
9.540715869125406812e-01 1.016612951564261269e-03
9.619397662556432582e-01 1.021304564025716328e-03
9.690956679612419133e-01 9.647180089911334012e-04
9.755282581475768211e-01 8.625426015269592071e-04
9.812276182268235836e-01 7.300761916981116702e-04
9.861849601988383895e-01 5.818700171783136327e-04
9.903926402016152153e-01 4.313803709894413496e-04
9.938441702975688852e-01 2.906375179085128992e-04
9.965342284774632020e-01 1.699425557966580667e-04
9.984586668665640374e-01 7.760260057556293443e-05
9.996145181203615060e-01 1.971377116472755391e-05
1.000000000000000000e+00 0.000000000000000000e+00
